"Well_program 1" "Well_program 2" "Well_program 3" "Well_program 4" "Well_program 5" "Well_program 6" "Well_program 7" "Well_program 8" "Well_program 9" "Well_program 10" "Well_program 11"
"Client 1" 0.01 0.01 0.04 0.34 -0.1 0.04 -0.01 0.04 0 0.8 0.02
"Client 2" -0.02 -0.01 0.03 0.32 -0.18 0.05 0.01 0.02 -0.01 0.8 -0.03
"Client 3" -0.01 0.01 0.01 0.34 -0.17 0.05 -0.01 0.06 -0.01 0.79 0
"Client 4" 0 0.03 0.04 0.27 -0.16 0.05 -0.01 0.05 0 0.8 0.04
"Client 5" 0.01 0.01 0.06 0.27 -0.19 0.06 -0.03 0.04 0.01 0.81 -0.05
"Client 6" -0.01 0 0.1 0.33 -0.12 0.05 0.01 0.02 0 0.79 0.04
"Client 7" -0.04 0.03 0.03 0.23 -0.13 0.04 0.01 -0.03 0.01 0.8 0
"Client 8" 0 -0.04 0 0.29 -0.18 0.04 0 0 0 0.8 0
"Client 9" 0 0.02 0.02 0.31 -0.12 0.05 -0.01 0 0 0.81 0.01
"Client 10" -0.01 0.01 0.04 0.26 -0.17 0.05 -0.02 -0.01 -0.01 0.8 0.07
"Client 11" 0.01 -0.01 0 0.25 -0.16 0.05 -0.01 0.04 0 0.8 0.05
"Client 12" -0.03 -0.01 -0.03 0.29 -0.15 0.04 0 -0.1 0.01 0.79 -0.02
"Client 13" -0.01 0.01 0 0.36 -0.15 0.05 0 0.01 -0.02 0.8 0.06
"Client 14" 0.01 0 0.04 0.28 -0.17 0.05 -0.01 -0.04 0.02 0.79 0.06
