"Pollutant 1" "Pollutant 2" "Pollutant 3" "Pollutant 4" "Pollutant 5" "Pollutant 6" "Pollutant 7"
"Adriatic 1" 0 7.25 5.67 7.7 2.16 7.92 7.58
"Adriatic 2" 4.18 8.25 2.12 10 2.79 5.1 7.4
"Adriatic 3" 1.22 8.19 4.89 7 6.09 6.48 10
"Adriatic 4" 0.69 6.05 2.15 8.18 5.46 0.17 8.14
"Adriatic 5" 1.15 6.35 10 8.29 0.16 6.37 10
"Adriatic 6" 3.63 5.17 5.11 9.01 7.7 3.74 5.32
"Adriatic 7" 6.88 6.67 4.39 9.73 0.68 4.16 6.98
"Adriatic 8" 6.19 6.56 2.23 3.71 4.14 3.26 5.56
"Tyrrhenian 1" 4.44 3.17 8.24 7.33 7.52 7.28 4.81
"Tyrrhenian 2" 2.95 2.42 5.42 8 5.32 5.32 6.03
"Tyrrhenian 3" 5.25 3.05 10 9.46 10 6.57 1.08
"Tyrrhenian 4" 5.12 1.85 6.67 8.55 7.36 8.91 5.97
"Tyrrhenian 5" 3.93 5.68 8.77 7.61 5.2 8.79 6.07
"Tyrrhenian 6" 0 3.31 6.74 8.57 9.72 4.83 9.85
"Tyrrhenian 7" 9.41 3.48 10 8.71 7.78 4.97 6.71
"Tyrrhenian 8" 4.4 4.77 10 10 5.16 5.52 2.95
"Tyrrhenian 9" 1.53 4.43 7.15 9.93 10 4.18 3.64
"Tyrrhenian 10" 9.95 5.58 6.43 8.16 5.44 5.97 0.53
