"Area" "Perimeter" "MajorAxisLength" "MinorAxisLength" "Eccentricity" "ConvexArea" "EquivDiameter" "Roundness" "Type"
37789 766.37 313.57 154.35 0.87 38251.02 219.35 0.81 "cannellini"
56627.02 922.88 356.2 203.05 0.84 57280 268.51 0.83 "adzuki"
35139.01 734.02 292.62 154.73 0.86 35769 211.52 0.83 "cannellini"
55971.99 897.39 342.49 208.79 0.81 56562.98 266.96 0.87 "adzuki"
44924 817.21 282.14 203.15 0.69 45772.01 239.16 0.85 "black-eyed"
59182.99 934.85 353.58 214.65 0.79 59939 274.5 0.85 "adzuki"
57617.01 901.72 344.4 213.78 0.79 58093.01 270.85 0.87 "adzuki"
49990.99 911.82 329.26 193.83 0.8 51285.01 252.28 0.75 "black-eyed"
33518 702.97 277.58 154.32 0.84 34023 206.58 0.84 "cannellini"
50947.99 884.69 313.56 208.2 0.75 52063 254.7 0.78 "black-eyed"
58634.02 930.44 351.84 214.94 0.81 59677.02 273.24 0.86 "adzuki"
45564.01 802.75 296.08 196.33 0.74 46120.01 240.85 0.89 "black-eyed"
49975.02 873.52 313.98 203.93 0.76 50699 252.25 0.82 "black-eyed"
47794 833.45 279.67 217.92 0.62 48528 246.68 0.86 "black-eyed"
58877 964.92 376.85 202.27 0.86 60278 273.78 0.8 "adzuki"
47939.99 854.77 284.15 215.17 0.67 48827.99 247.07 0.82 "black-eyed"
48868.01 885.3 313.66 198.97 0.77 49647.98 249.44 0.77 "black-eyed"
56376 921.45 350.68 205.41 0.81 57032.01 267.93 0.85 "adzuki"
35797.99 743.15 295.12 156.4 0.86 36549 213.5 0.82 "cannellini"
37470.99 763.69 314.38 152.45 0.88 38008.01 218.44 0.81 "cannellini"
55501.01 898.17 345.51 207.02 0.81 56394.02 265.84 0.85 "adzuki"
50711.99 877.17 316.22 204.48 0.76 51453.98 254.13 0.83 "black-eyed"
38427 756.32 306.53 160.58 0.84 38773 221.18 0.83 "cannellini"
55608.01 918.74 348.46 205.43 0.82 56288 266.08 0.83 "adzuki"
35255 717.65 268.13 169.17 0.76 35859.99 211.88 0.86 "cannellini"
55938 909.94 347.29 205.54 0.82 56664 266.89 0.84 "adzuki"
47667.98 846.14 300.1 202.9 0.74 48449.98 246.36 0.85 "black-eyed"
46529.02 815.02 289.62 205.38 0.72 47155.99 243.39 0.87 "black-eyed"
37781 738.8 283.24 170.2 0.81 38242 219.33 0.87 "cannellini"
37735.99 791.58 297.39 165.75 0.82 38887.01 219.2 0.74 "cannellini"
34586.02 727.4 283.53 156.55 0.84 35278.03 209.86 0.82 "cannellini"
33927.01 709.65 285.89 152.41 0.85 34357.99 207.85 0.84 "cannellini"
51643.01 855.52 307.99 213.62 0.72 52139.02 256.42 0.9 "adzuki"
41488.02 759.54 283.15 186.99 0.77 42004.98 229.83 0.89 "black-eyed"
38110.02 861.57 310.18 157.48 0.85 39200 220.27 0.64 "cannellini"
58821.99 942.55 368.15 206.61 0.83 60179 273.66 0.84 "adzuki"
33954.02 716.75 277.38 156.36 0.83 34419.99 207.91 0.83 "cannellini"
50797.98 900.91 308.39 210.46 0.73 52164 254.32 0.8 "black-eyed"
35755.02 756.9 306.6 149.37 0.87 36384.01 213.37 0.79 "cannellini"
35464.01 741.98 278.14 163.99 0.8 36088 212.5 0.81 "cannellini"
59208.01 958.48 371.68 203.76 0.83 60037 274.56 0.82 "adzuki"
58094.01 922.39 350.11 212.85 0.8 58691.01 271.97 0.85 "adzuki"
48439 810.39 297.99 207.32 0.74 48883 248.33 0.92 "black-eyed"
34951.98 707.96 272.48 163.73 0.8 35404.01 210.99 0.89 "cannellini"
37599.98 749.28 299.17 161.1 0.86 38280.01 218.81 0.83 "cannellini"
56675 898.45 344.95 210.22 0.78 57180 268.63 0.88 "adzuki"
45504.01 793.42 295.47 196.32 0.76 45971.99 240.71 0.89 "adzuki"
43144.99 799.42 273.43 201.27 0.69 43812 234.38 0.84 "black-eyed"
47003 821.29 300.19 200.13 0.74 47680.98 244.63 0.87 "black-eyed"
48373 825.15 313.56 197.91 0.77 49026.01 248.16 0.9 "adzuki"
36143.02 737 299.89 154.18 0.86 36592 214.52 0.84 "cannellini"
48915.01 894.48 310.09 201.77 0.75 50027 249.56 0.78 "black-eyed"
49881.99 891.51 357.2 179.83 0.86 51042.01 252.01 0.78 "adzuki"
57861.98 951.33 372.45 202 0.84 59220 271.43 0.81 "adzuki"
45012.01 854.16 299.3 192.14 0.76 45841.02 239.4 0.77 "black-eyed"
49165.99 856.35 293.78 214.17 0.67 50168.02 250.2 0.86 "black-eyed"
49776.99 861.28 300.75 211.63 0.7 50590.01 251.75 0.84 "black-eyed"
37039.01 747.6 301.81 156.97 0.85 37726 217.16 0.85 "cannellini"
48638 874.67 303.61 204.66 0.74 49542.98 248.84 0.79 "black-eyed"
45653.02 841.13 303.47 191.95 0.76 46601 241.1 0.82 "black-eyed"
44026.98 813.84 293.39 192.12 0.76 44638.99 236.77 0.85 "black-eyed"
58252.01 950.38 363.19 208.03 0.8 59974.01 272.35 0.81 "adzuki"
33005.99 710.51 283.02 149.62 0.84 33354 205 0.82 "cannellini"
36608.99 748.42 305.32 153.23 0.85 36969 215.9 0.82 "cannellini"
58739.99 942.69 370.65 204.02 0.83 59700.99 273.49 0.84 "adzuki"
57548.98 929.96 362.94 204.57 0.82 58471.01 270.7 0.82 "adzuki"
49309.01 867.46 304.07 206.79 0.72 50235 250.57 0.84 "black-eyed"
48165 824.69 310.01 198.26 0.76 48758.01 247.63 0.91 "black-eyed"
37430.01 748.58 299.05 160.73 0.83 37902 218.31 0.85 "cannellini"
37454 772.67 297.63 162.15 0.85 38113 218.37 0.8 "cannellini"
57853.01 930.74 358.63 207.24 0.83 58737.01 271.42 0.83 "adzuki"
56270.01 920.45 374.11 194.1 0.86 57444.99 267.66 0.84 "adzuki"
36799 759.24 300.62 157.23 0.84 37392.98 216.46 0.79 "cannellini"
48160 829.24 304.55 202.72 0.75 48950.01 247.63 0.9 "black-eyed"
57017.01 903.27 355.34 205.46 0.83 57649 269.45 0.89 "adzuki"
49244.99 822.64 301.38 208.36 0.74 49719.99 250.4 0.91 "adzuki"
59343.99 944.27 355.4 214.72 0.81 60734 274.89 0.84 "adzuki"
50167 873.82 309.9 206.78 0.74 50937 252.73 0.83 "black-eyed"
55544.01 924.18 357.7 198.21 0.83 56204.99 265.94 0.81 "adzuki"
47148.99 857.69 300.28 200.32 0.74 48090.99 245.01 0.8 "black-eyed"
41486.99 815.9 299.06 177.08 0.82 42482.99 229.82 0.79 "black-eyed"
38253.01 754.51 292.32 167.56 0.81 38857 220.7 0.86 "cannellini"
57016.99 903.56 349.82 210.81 0.8 58127 269.42 0.87 "adzuki"
46277.98 846.32 300.65 196.46 0.75 47101.99 242.74 0.8 "black-eyed"
34232.01 744.32 296.97 148.17 0.85 34936 208.77 0.78 "cannellini"
55722.01 897.59 318.92 225.02 0.7 56735.99 266.34 0.87 "adzuki"
59386.99 930.81 361.39 210.65 0.82 59877 274.98 0.87 "adzuki"
35869.02 705.53 264.83 172.86 0.76 36264.99 213.71 0.92 "cannellini"
59338.01 940.69 352.19 215.78 0.81 59999.01 274.86 0.83 "adzuki"
37502.99 766.52 308.16 155.35 0.86 38069.99 218.49 0.79 "cannellini"
56834.01 910.1 341.58 212.38 0.79 57509 269.02 0.87 "adzuki"
53609 893.47 354.74 193.37 0.83 54084.99 261.26 0.83 "adzuki"
37775.99 727.3 283.09 170.47 0.8 38194 219.29 0.89 "cannellini"
54680 899.79 353.58 198.33 0.84 55370.01 263.86 0.86 "adzuki"
34413.99 707.74 276.47 160.52 0.82 34773 209.34 0.86 "cannellini"
55549 914.58 348.47 205.2 0.81 56517.02 265.94 0.85 "adzuki"
51015 859.26 327.87 198.5 0.79 51718 254.86 0.88 "black-eyed"
33263 719.32 271.34 158.57 0.81 34108 205.81 0.81 "cannellini"
38059.99 755.91 304.41 159.35 0.84 38479.99 220.14 0.83 "cannellini"
51106.99 886.65 317.36 206.24 0.77 51978.98 255.09 0.83 "black-eyed"
49966.98 878.74 313.39 203.34 0.75 50787.01 252.22 0.82 "black-eyed"
50978.02 881.56 323.1 201.1 0.78 51805 254.75 0.83 "black-eyed"
59041.01 931.52 359.78 211.33 0.81 60026 274.17 0.86 "adzuki"
50682.99 905.5 314.95 205.45 0.77 51613.01 254.04 0.78 "black-eyed"
51331.99 889.63 330.83 198.64 0.81 52283 255.64 0.81 "black-eyed"
48831.01 871.27 318.95 195.59 0.78 49662 249.33 0.81 "black-eyed"
50486.02 982.67 325.51 198.52 0.79 51525.02 253.53 0.65 "black-eyed"
57786 916.53 331.87 224.94 0.76 59196.02 271.25 0.87 "adzuki"
36584 731.8 293.15 159.44 0.83 37022.98 215.82 0.87 "cannellini"
37971.98 778.57 317.14 153.91 0.85 38615 219.88 0.78 "cannellini"
43122.01 838.19 296.42 185.65 0.77 44074 234.33 0.77 "black-eyed"
54076 893.99 342.74 203.26 0.81 55293.01 262.41 0.86 "adzuki"
58960.99 936.53 363.13 208.2 0.83 59575.99 273.98 0.84 "adzuki"
54343 867.59 303.84 228.01 0.67 54907 263.05 0.92 "adzuki"
34165 693.31 272.14 160.5 0.8 34437 208.56 0.88 "cannellini"
38294.02 771.07 306 160.39 0.86 38844 220.81 0.8 "cannellini"
50954.02 865.77 330.15 198.47 0.81 51704 254.71 0.85 "adzuki"
33517.99 702.95 277.55 154.3 0.82 34022.98 206.58 0.84 "cannellini"
33954 716.75 277.38 156.38 0.84 34419.99 207.92 0.82 "cannellini"
58102.01 907.68 334.8 223.86 0.74 58985.99 271.97 0.89 "adzuki"
38427 756.32 306.54 160.58 0.86 38773 221.2 0.83 "cannellini"
50166 893.85 313.04 204.67 0.75 51209 252.72 0.79 "black-eyed"
52448.02 882.47 336.93 199.03 0.81 53082 258.41 0.84 "adzuki"
56678.99 911.14 355.96 204.9 0.81 57531 268.63 0.85 "adzuki"
38531.99 775.77 316.72 155.32 0.87 39015.02 221.49 0.81 "cannellini"
57907.01 915.33 360.66 206.7 0.83 58998.99 271.54 0.88 "adzuki"
33556 689.28 264.64 161.7 0.8 33892 206.7 0.88 "cannellini"
36458 731.1 283.7 164.92 0.83 36978.99 215.46 0.85 "cannellini"
33407.02 706.23 281.54 152.74 0.83 33989 206.24 0.83 "cannellini"
38470 762.33 304.6 162.01 0.84 38914.01 221.32 0.83 "cannellini"
42011.99 809.8 266.7 202.37 0.66 43087 231.27 0.79 "black-eyed"
49316.98 886.91 310.56 202.46 0.76 50400.02 250.57 0.78 "black-eyed"
59039 930.33 349.8 217.03 0.79 60457.99 274.17 0.85 "adzuki"
46773.99 833.74 305.7 196.13 0.78 47446 244.04 0.84 "black-eyed"
49754.99 868.81 332.09 192.01 0.82 50782.99 251.69 0.83 "black-eyed"
57390.98 921.48 362.56 203.71 0.8 58762.99 270.33 0.85 "adzuki"
47883 873.52 328 186.52 0.81 48753 246.93 0.79 "black-eyed"
47143.01 858.56 296.83 203.06 0.74 47996 244.99 0.79 "black-eyed"
45666 789.77 274.84 211.89 0.64 46074 241.14 0.92 "adzuki"
50575.02 858.55 314.34 205.47 0.75 51389.01 253.77 0.87 "black-eyed"
48637.99 874.05 301.98 205.42 0.73 49596 248.84 0.79 "black-eyed"
37089 759.47 304.38 156.34 0.87 37536.99 217.3 0.83 "cannellini"
35512 740.65 294.18 154.58 0.85 35977.99 212.63 0.82 "cannellini"
36499.98 742.99 295.81 158.52 0.85 37093 215.57 0.83 "cannellini"
47980.99 809.09 291.65 210.04 0.68 48450.99 247.18 0.91 "black-eyed"
50035 846.48 279.44 228.68 0.57 50801.99 252.4 0.88 "black-eyed"
54136.99 905.43 356.39 195.44 0.81 54769.01 262.54 0.84 "adzuki"
34196 690.13 264.93 165.79 0.78 34639 208.68 0.89 "cannellini"
36718.01 727.67 271.17 172.8 0.78 37285 216.22 0.89 "cannellini"
34377 736.46 298.06 148.89 0.87 34990 209.23 0.81 "cannellini"
