"Energy_kcal" "Protein_g" "Fat_g" "Carb_g" "Sugar_g" "Fiber_g"
389 10 4.6 80.3 21 7.1
375 5.1 3.4 88.2 43.7 9.3
398 4.39 5.12 85.51 44.32 2.5
397 4.45 4.83 85.93 44.2 2.6
417 7.1 9.23 78.65 33.36 2.7
376 12.09 6.73 73.23 4.36 9.4
389 4.6 2.7 87.9 38.6 1.4
397 4.8 4.1 85.7 35.8 1.6
380 5.2 4.4 84.5 34.8 5.1
331 6.37 4.06 83.68 20.66 15.3
370 6.4 2.4 84.9 11.1 5.6
357 7.5 0.4 84.1 9.5 3.3
395 9.2 14.1 70.3 28 12.7
394 6.69 1.26 86.22 12.12 0.7
375 5.3 3.4 88 41.7 9.3
350 9.2 1.6 83.4 20.3 10.8
384 4.3 0.4 91.3 40.2 0.5
402 4.6 4 86.1 34.4 0.8
374 5.3 3.2 85.1 35 5.6
365 10.9 2.1 80.49 8.9 12.1
376 9.4 3.7 82 15.2 10.2
376 8.85 5 79.69 32.89 7.1
396 6 2.9 87.1 32.3 3.1
381 6.41 3.44 83.85 20.27 3.4
357 7.69 3.46 82.82 9.76 8.8
374 9.98 4.43 77.74 19.43 6.6
380 7.67 5.02 80.89 36.13 5
421 10.55 11.62 73.65 20.34 10.2
375 6.3 2 86.67 28.1 3.9
374 8.5 1.3 84.3 12.5 2.8
406 4.51 6.08 85.03 43.36 2.3
375 6.9 1.4 84.5 8.1 4.4
381 6.75 2.05 85.05 9.87 0.4
383 7.01 0.9 87.78 0 1.4
387 4.8 1.3 89.7 31.3 8.4
369 3.96 1.68 89.2 35.43 2.2
380 5.7 2.2 88.5 56.2 5
380 5.5 1.7 90.1 53.6 5
357 10.71 5.36 75.5 3.57 10.7
383 5 4.1 85.6 32 4.5
373 8.5 2.9 83.6 20.7 10.7
345 9.8 1.8 82.2 10.3 12.2
384 3.41 0.35 88.65 42.47 1.9
370 8.3 4.09 81.4 21.2 8.7
353 8.3 2.3 83.3 15.2 10.1
370 7.65 1.75 79.09 0.57 4.6
343 7.31 2.14 78.42 1.51 4.2
363 8.98 5.46 72.96 2.76 4.2
340 9.93 1.73 75.39 0.38 5.1
370 6.3 0.5 82.4 0.3 0.7
370 10.5 1.5 76.5 0.2 3.8
360 11.6 1.41 73.19 0.56 4.2
366 10.6 1.4 75.5 0.4 3.3
365 11.8 0.54 77.26 0 2.9
379 13.15 6.52 67.7 0.99 10.1
362 11.92 6.9 69.52 1.5 10
366 8.62 4.61 76.74 28.87 8.3
369 9.53 4.84 76.08 25.33 8
368 9.2 4.63 76.91 30.02 7.2
360 8.45 4.03 76.33 37.14 5.7
394 7.2 3.6 83.3 42.8 4.6
357 13.1 2.9 75.6 1.6 12.8
342 11.2 2 75.2 0.42 9.5
366 16.26 2.15 76.39 1.37 9.4
337 11.37 2.21 78.76 0.94 12
351 11.8 2.1 81.4 0.9 12.4
402 6.3 0.5 89.8 0 1.7
364 14.7 1.2 79.6 0 4.4
368 6.72 1.49 79.91 0.55 3.9
371 8.8 1.2 79.6 0.64 1.6
369 10.6 0.5 78 0 1.9
363 10.6 0.82 79.55 16.63 2.8
389 8.7 5.7 80.9 28.3 7
352 7.8 1.9 83.8 22.3 9.6
395 6.5 5.3 81.6 29.2 4.7
413 6.8 11.1 75.6 35.3 4.7
334 12.64 2.73 72.62 2.46 11.9
390 9.89 6.69 78.09 22.89 8.2
405 3.34 3.5 87.2 43.7 3.8
397 4.17 4.67 85.93 48.97 3.1
374 9.14 4.1 79.02 25.18 6.3
412 3.92 7.63 83.65 43.23 2.1
379 11.38 4.83 77.77 16.69 8.3
379 11.23 4.88 78.09 16.67 8.7
372 12.38 5.11 74.9 16.34 10.2
412 9.66 10.38 74.67 24.63 9.4
388 8.42 5.52 80.57 25.65 9.6
369 8.12 5.64 74.83 0.88 4.7
379 8.3 6.37 75.42 31.27 6
371 8.82 6.98 72.41 30.85 6.9
364 17.03 7.97 62.94 1.43 14.3
378 8.8 4.5 80.5 27 7.6
374 7.7 2 85.2 24.8 6.3
372 8.5 3.79 80.8 27.29 7.5
369 5.7 1.1 86.9 11.6 2.8
368 7 5.3 81.09 28.6 9.9
358 6.7 3.9 79.2 22.6 6.8
387 7.6 5.7 81.3 34.2 6.5
378 8.1 4.2 81.7 32.1 6.4
386 5.5 4.3 85.4 27.29 4.2
383 5.4 4.69 84.5 33.09 5
383 5.6 5.2 83.7 37.2 5.7
411 5.45 10.25 77.99 30.3 6.8
386 5.5 4.3 85.4 27.29 4.2
376 6.19 4.19 83.9 21 5.8
381 7.9 4.69 79.4 31.89 5
381 9 5.2 80.1 27.9 7.4
355 9 5.4 75.19 25.5 8.3
395 4.3 4.19 85.59 29.6 0.4
353 14.44 1.41 78.15 20 14.1
390 6.6 5 83 34.7 4.4
385 6.8 1.9 87 33 3.4
348 8.8 1.2 79.6 0.3 4.8
361 8.8 1.6 79.2 0.64 1.6
371 7.1 1.6 87.3 28.7 5.8
350 9.19 1.6 83.4 20.29 10.8
376 3.95 4.07 81.59 42.09 2.3
406 4.57 4.67 87.09 43.86 1.6
381 6.3 1.12 86.4 9 1
401 5 3.29 87.9 45.7 2.5
407 7.62 7.33 79.68 29.29 2.5
372 11.45 5.04 75.41 15.57 8.6
382 10.6 4.56 79.79 25.37 8.1
379 4.55 1.45 88.89 44.33 2.6
382 4.21 1.61 89.91 43.12 2.7
348 11.24 2.01 81.01 0.81 11.8
381 4.76 2.38 80.95 9.52 4.8
376 4.6 2.8 89.3 49.9 7.4
355 6.6 1.7 85.3 35.9 8
357 6.2 1.2 86.2 30.2 8.5
342 11.6 2 81 0.4 13.8
367 16.7 5.9 71.4 24 14.5
364 11.39 5 78.69 15.5 13.7
336 13 2.3 78.6 0.93 8
349 10 1.8 79 21.8 6
371 13.7 6.87 68.18 1.42 9.4
387 3.23 1.1 90.32 38.04 2.3
369 10.39 5.1 74.52 21.14 8.2
384 8.69 7.59 73.68 28.91 6.4
368 8.97 4.85 75.7 29.45 6.7
346 15.98 11.6 65.78 1.56 20.3
360 9.11 4 75.68 35.65 5.8
342 9.83 1.58 75.86 0.71 4.6
360 8.8 4.67 74.18 2.02 4.3
355 10.73 4.68 71.08 2.69 4.2
371 13.7 6.87 68.18 1.42 9.4
333 11.8 2 74.8 2 9.9
368 6.9 3.9 83.3 28.6 9.5
351 8.7 1.5 84.7 22.7 10.3
338 12 1.4 79 12.4 11.2
358 9.4 0.7 83.5 20.5 5
357 5.59 0.4 87.3 23.89 10.1
395 6.3 2.14 87.6 37.4 2.9
397 5.77 0.89 89.72 51.34 2.6
398 4.46 9.97 74.68 32.7 4.4
365 10.48 0.49 77.2 0.7 2.9
368 8.82 0.47 80.52 28 1.8
390 9.63 2.16 82.21 38.73 5.6
393 4.63 2.57 83.51 47.18 2.2
402 4.09 3.05 89.4 45.2 1.1
388 9.39 2.07 82.9 17.89 10.5
404 3.9 3.15 90.1 42.6 1
367 5.83 1.05 85.79 9.51 2.6
357 5.9 0.91 88.01 7.84 2.7
379 5.94 0.95 86.78 13.79 1.5
378 6.06 1.08 86.85 10.35 1.4
381 6.45 1.27 86.04 8.35 0.7
381 5.59 4.4 84.4 36.79 5.3
367 7.1 2.9 85.3 32.1 8.1
337 11 1.5 81.4 11.3 11.8
369 10.39 3.29 80 22.5 8.1
336 11 1.4 79 16.5 10.7
352 8.7 1.6 84.6 22.7 10.2
378 7.7 4.2 83.2 30.4 9.3
384 8.9 5.9 76.6 25.5 11.1
373 9.33 4.14 78.56 23.12 6.3
397 4.44 4.83 85.92 44.31 2.6
400 6.67 5.23 81.75 30 6.7
413 8.5 8.7 77.4 22.5 7.4
379 16.79 9.9 66.9 22.2 15
356 11.8 2.8 81 5 11.7
353 11.1 5 73.8 25 12.5
356 11.39 5.09 73.59 23.79 12.7
355 11.61 1.41 71.79 0.47 4.4
359 11.77 1.47 72.63 0.51 4.4
386 5.09 9.89 78.19 21.39 11.2
366 5.6 5.7 82.8 21.2 10.2
381 5.8 4.59 84.19 32.2 5.9
381 6.5 7.3 81.2 29.9 10.6
383 5.4 4 85.5 25 4.3
375 13.1 5.4 74.8 18 11.3
410 5.7 7.3 83.3 41.6 3.9
365 11.6 4.9 78.5 15.69 13.2
350 10.7 1.9 80.8 16.9 10.7
375 5.5 4 84.69 33.09 6.1
380 5.8 5.09 83.5 34.09 6.2
412 4.8 8.4 81.1 26.2 2
403 5 6.59 82.4 26.1 2.4
344 5.8 5.8 82.69 20.79 19.1
375 7.5 6 81.2 24 10.3
363 6.9 1.5 86.3 26.7 8.6
376 10.2 6.5 78 19.2 12.2
355 10.8 2.2 82.5 14.8 9.5
332 7.8 4.09 82 20.29 17.9
354 9.4 4.3 81.9 21.8 28
362 7.8 1.8 85 26.4 8.6
374 5.9 4.3 84.6 37.1 7.1
385 6.7 3.9 83.3 33.5 2.4
349 8.8 1.6 84.6 22.5 10.8
352 8.6 1.6 84.8 22.7 10.2
342 8.8 1.8 82.1 17.8 10.6
402 4.41 5.66 85.14 43.82 2.5
418 9.21 11.06 74.73 27.43 9.9
373 9.17 4.06 78.86 24.9 6.3
395 4.6 3.99 87.1 44.18 2.6
354 8.5 3.4 81.4 22.29 10.9
380 11.3 4.83 78.04 16.82 8.3
394 7.9 5.1 81.8 20.7 7.8
410 8.19 9.8 76.19 27.1 5.5
382 6.2 5 83.3 26.1 5.8
378 8.5 4.6 80.7 27.9 7
358 11.26 6.11 69.45 11.91 8.8
367 16 6.3 67 1 9.8
376 10.16 7.46 71.57 17.66 8.3
358 10.29 5.64 72.17 17.78 9.7
364 6.4 3.9 83 18.2 8.3
369 8.9 3.1 82.5 22.1 6.2
374 8.5 3.5 83.09 22.6 6
364 7.7 3.4 82.8 22.2 7.1
371 7.8 3.4 83.3 22.1 6.1
397 7 11.1 76.1 35.7 9.9
371 7.8 2.3 82.4 3.7 2.7
399 7 5.4 82 21.9 5.2
350 11.91 5.46 75.27 12.25 16.6
333 7.41 3.7 84 18.52 18.5
397 7.1 11.2 75.9 36.3 10.6
387 5.1 3.5 85.1 38.1 1.4
378 4.3 2.8 89.6 51.1 7.4
397 5.9 7.8 83 33.9 9
399 6.7 4.9 83.3 24 5.4
400 7.1 5 82.8 20.4 5.8
375 6.3 6.09 83.2 28.1 9.4
387 6 6 82.69 32.79 6.2
348 7.9 6.8 79.5 22.1 18.2
387 9.1 5.4 79.5 29.1 7.5
378 6.5 5.69 82 20.89 7.3
400 3.29 5 83.3 53.29 3.3
350 8.81 1.92 79.4 18.44 10.3
390 7.59 3.04 84.08 22.09 6.2
379 7.8 4.88 77.26 20.26 6.1
349 7.57 3.6 77.95 32.43 5.9
342 8.8 1.8 82.1 17.8 10.6
408 4.69 6.45 82.8 26 2
410 5.19 10.1 78.59 29.39 4.8
368 9.25 4.73 76.67 30.28 7.2
407 5.69 8.5 81.59 31 11
390 6.8 6.19 82 32.5 6
387 9.39 1.89 83 13.19 7.5
371 8.3 3.29 83.09 24.79 8.5
376 7.63 5.61 80.1 21.53 9.1
361 16.37 6.2 64.25 1.25 13
361 16.5 6.16 64.42 1.29 12.6
366 8.79 4.8 75.67 14.7 22.3
386 9.81 9.8 69.47 18.71 7.7
390 8.18 10.36 70.53 29.36 7
353 11.31 4.4 72.58 20.43 8.5
387 10.1 9.84 68.61 24.85 7.4
394 12.02 11.02 66.73 26.34 7.1
361 16.5 6.28 64.21 1.27 13
351 9.19 1.7 84.3 20.2 10.8
347 7.4 2.9 81.19 31.29 9.2
342 8.69 0.8 79.9 23.39 5
380 5.3 3.9 87.3 40.29 8.6
401 7.3 10.89 76.4 31.7 9.4
349 7.3 2.5 82.69 31.29 9.6
364 7.59 1.29 86.59 20.7 9.6
370 14.1 10.39 61.9 23.79 9.2
361 15 8.39 63.29 22.39 9.3
371 15.39 9.89 62.09 22 9.3
376 8.6 4.09 84 18.5 9.8
375 7.59 5.09 81.5 27.5 10.3
343 9.1 1.6 82.1 17.2 10.8
400 7.1 3.33 84.7 36.13 4.3
371 11.43 2.86 81.5 5.71 11.4
409 7.7 7.3 79.6 20 5.5
403 9 10.5 73 15.4 9.7
378 7.9 7.1 74.3 24.1 9.3
390 9.8 8.8 70.9 17.5 11.2
352 11.2 3.3 75.7 20 9.1
388 9.5 6.3 73.8 23.2 8.5
385 7.1 5.6 76.2 23.6 9.7
339 10.89 2.09 80.59 0.8 14.7
354 13 3.4 80 0.55 2.7
380 10 3 78 22 8
401 7.12 5.46 81.19 19.79 4.2
