"glicemia_prima" "temperatura_prima" "pressione_min_prima" "pressione_max_prima" "glicemia_dopo" "temperatura_dopo" "pressione_min_dopo" "pressione_max_dopo"
"paziente 1" 206.69 35.76 81.84 116.85 138.49 37.03 94.95 115.01
"paziente 2" 186.13 35.97 95.62 112.3 119.73 37.25 87.66 125.34
"paziente 3" 177.42 35.98 90.98 117.43 118.29 37.37 92.88 128.61
"paziente 4" 186.35 35.71 97.02 120.29 100.65 36.99 84.35 122.55
"paziente 5" 186.91 36.35 98.65 123.96 105.83 36.92 83.8 110.46
"paziente 6" 187.28 35.75 92.4 125.16 134.52 36.94 89.8 119.39
"paziente 7" 186.83 36.29 90.7 119.37 101.63 36.72 90.55 125.34
"paziente 8" 171.36 35.96 94.44 114.27 131.98 36.51 91.18 120.33
"paziente 9" 193.19 36.15 87.37 120.66 125.1 37.05 80.78 121.85
"paziente 10" 190.12 35.8 96.31 125.06 114.72 37.04 86.05 118.31
"paziente 11" 172.62 35.91 89.15 111.86 134.52 37.12 92.45 118.39
"paziente 12" 172.15 35.83 88.55 121.29 118.66 37.34 86.2 124.49
"paziente 13" 184.57 36.06 78.96 120.75 117.9 37.42 94.05 123.07
"paziente 14" 186.04 35.66 91.5 119.1 99.08 37.07 92.82 110.99
"paziente 15" 202.81 36.08 91.31 124.22 112.07 37.14 94.94 126.86
"paziente 16" 176.6 36.1 87.76 118.93 123.81 36.65 93.86 118.86
"paziente 17" 167.03 36.01 83.97 116.2 112.09 37.28 90.19 118.23
"paziente 18" 185.16 36.08 87.35 122.05 116.27 37.53 89.37 125.29
"paziente 19" 192.3 36.04 82.43 123.8 116.13 36.76 91.92 127.27
"paziente 20" 164.35 36.15 99.87 121.89 109.97 37.59 85.75 120.01
"paziente 21" 168.34 36.48 89.11 127.42 112.4 36.95 91.96 121.19
"paziente 22" 175.69 35.89 91.18 127.36 110.01 37.21 90.78 118.59
"paziente 23" 183.92 36.22 98.7 122.65 138.88 37.08 91.49 114.87
"paziente 24" 173.99 36.31 88.12 122.72 119.19 36.93 101.44 119.1
"paziente 25" 168.17 36.15 95.58 113.86 120.92 37.43 87.31 120.79
"paziente 26" 185.52 35.65 79.06 119.18 124.92 37.13 87.32 125.98
"paziente 27" 202.36 36.35 90.75 118.78 128.88 37.3 92.69 111.89
"paziente 28" 184.99 35.92 89.21 126.08 126.54 37.02 89.92 122.56
"paziente 29" 172.62 35.85 89.41 123.27 120.11 37.05 85.13 123.38
"paziente 30" 179.04 36.14 87.29 117.33 123.12 36.69 83.86 121.57
